[[2645755502,
  2645722744,
  2643387049,
  2641160820,
  2641143502,
  2640614963,
  2639988221,
  2639947835,
  2637666546,
  2637629040,
  2637608116,
  2637577441,
  2637544880,
  2637293637,
  2637262687,
  2637226858,
  2637188880,
  2637186561,
  2636944866,
  2636927905,
  2636904211,
  2636893784,
  2636413234,
  2636345001,
  2632928448,
  2632436930,
  2632400251,
  2629070676,
  2629031849,
  2629016545,
  2629001602,
  2628521247,
  2628484704,
  2628456353,
  2628169349,
  2627581413,
  2627545269,
  2625233095,
  2624169785,
  2624153543,
  2623176640,
  2622195891,
  2621949336,
  2621858490,
  2621775278,
  2621696342,
  2621594504,
  2620016066,
  2620022748,
  2619322803,
  2619294105,
  2618764122,
  2618703963,
  2618682334,
  2618493007,
  2618484309,
  2618088782,
  2618094489,
  2617627281,
  2617598077,
  2617167718,
  2617029249,
  2616954819,
  2616944897,
  2615780867,
  2615694514,
  2615548683,
  2615506992,
  2615494836,
  2615281853,
  2615248784,
  2614611143,
  2614590248,
  2613664252,
  2613640507,
  2613582537,
  2613541143,
  2613130216,
  2613044482,
  2612339049,
  2612416181,
  2612415129,
  2612375247,
  2612117332,
  2612122335,
  2611100719],
 [2645767962,
  2645770606,
  2645507915,
  2645483488,
  2645347154,
  2645370604,
  2644940220,
  2644877003,
  2644692793,
  2644585479,
  2644590899,
  2644568267,
  2644307125,
  2644281310,
  2644143923,
  2643726882,
  2643713465,
  2643087899,
  2642305409,
  2642128814,
  2642113190,
  2642083427,
  2641955622,
  2641283166,
  2640956992,
  2640858124,
  2640837259,
  2640755008,
  2639942312,
  2639895569,
  2639841896,
  2639773867,
  2639653062,
  2639637279,
  2639607401,
  2639583794,
  2639578951,
  2638933461,
  2638683878,
  2638673841,
  2638500217,
  2638459212,
  2637850876,
  2637826613,
  2637801814,
  2637777312,
  2637456809,
  2637437182,
  2637341929,
  2636790831,
  2636704514,
  2636627690,
  2636641760,
  2636048989,
  2635861972,
  2635751536,
  2635742208,
  2635712651,
  2635615272,
  2635584537,
  2635553931,
  2635532363,
  2635498561,
  2635442917,
  2635422511,
  2635354514,
  2634796839,
  2634782444,
  2634315596,
  2634136419,
  2634117051,
  2634090797,
  2634067103,
  2634008513,
  2634015034,
  2633894077,
  2633865434,
  2633829227,
  2633824935,
  2633791777,
  2633232931,
  2633207223,
  2633027760,
  2632998045,
  2632659025,
  2632657377,
  2632645101,
  2632444372,
  2632425930,
  2632392732,
  2632051840,
  2631966367,
  2631932878,
  2631428478],
 [2645624728,
  2644785958,
  2643645844,
  2642379369,
  2642372082,
  2642091272,
  2642037169,
  2642006501,
  2641437628,
  2640806332,
  2640766226,
  2639698695,
  2639692315,
  2638315832,
  2625358264,
  2624314306,
  2623661242,
  2622914775,
  2622889817,
  2622267993,
  2602599730,
  2601264666,
  2600916510,
  2599713042,
  2591567692,
  2588847351,
  2584223224,
  2583349961,
  2583330976,
  2578606369,
  2570634856,
  2569687283,
  2569657311,
  2569588760,
  2565787464,
  2564930506,
  2562020151,
  2554213032,
  2553959403,
  2553147313,
  2551717532,
  2549238848,
  2549273061,
  2548492122,
  2548419711,
  2547952957,
  2547707424,
  2547721497,
  2546951965,
  2546826302,
  2545734726,
  2545712488,
  2545678626,
  2545691500,
  2545341426,
  2545188587,
  2545166229,
  2544357844,
  2544353416,
  2544152906,
  2544132308,
  2543638422,
  2543626799,
  2543578673,
  2543575694,
  2543515996,
  2542945726,
  2542924717,
  2542328315,
  2542138644,
  2542124426,
  2539832240,
  2539802726,
  2535137634,
  2534978013,
  2534365082,
  2534317402,
  2534160353,
  2533652048,
  2533614465,
  2532781907,
  2532708119,
  2532666257,
  2532618293,
  2532642584,
  2532220894,
  2532035532,
  2531968497,
  2531208888,
  2531198181,
  2531005638,
  2530989270,
  2530994578],
 [2645565100,
  2644877965,
  2644734177,
  2644627058,
  2644472099,
  2644035496,
  2643485390,
  2643458915,
  2643421573,
  2643125374,
  2643105732,
  2643071646,
  2642277390,
  2642292492,
  2642269602,
  2642112486,
  2642031630,
  2641986571,
  2641164536,
  2640957041,
  2640916884,
  2640688243,
  2640051081,
  2640000269,
  2639947457,
  2639931645,
  2639828942,
  2639799910,
  2639619430,
  2639630905,
  2639017208,
  2638997471,
  2638760611,
  2638408321,
  2638224567,
  2637939807,
  2637677746,
  2637122609,
  2636007462,
  2635993088,
  2635744952,
  2634963812,
  2634894961,
  2634872408,
  2634633635,
  2634618046,
  2634263244,
  2633822189,
  2633791994,
  2633570381,
  2633287726,
  2632990583,
  2632954378,
  2632793793,
  2632432175,
  2632414200,
  2632311065,
  2631966326,
  2631932399,
  2631521172,
  2631478219,
  2631425110,
  2631375899,
  2630940351,
  2630702688,
  2630566280,
  2630515797,
  2629830577,
  2629777965,
  2629750696,
  2628391546,
  2627332053,
  2627023639,
  2626948987,
  2626447481,
  2625528124,
  2625524890,
  2625416790,
  2624959461,
  2624357548,
  2624123368,
  2623752830,
  2623727545,
  2623009881,
  2622952618,
  2622705888,
  2622313273,
  2622192548,
  2622166950,
  2621940209,
  2621583599,
  2621381263],
 [2644874700,
  2644855978,
  2642086919,
  2642001259,
  2641904924,
  2641725650,
  2641682029,
  2641575551,
  2641076790,
  2640090968,
  2640020381,
  2639788595,
  2639733186,
  2639161087,
  2639134655,
  2639096548,
  2639079282,
  2638937561,
  2638885589,
  2638866746,
  2638534717,
  2638495117,
  2638384025,
  2638330794,
  2638214222,
  2637660743,
  2636857527,
  2636834077,
  2635209545,
  2635210729,
  2635001857,
  2634916275,
  2634872745,
  2634833821,
  2634786958,
  2634753288,
  2634735378,
  2634649520,
  2634630337,
  2634605614,
  2634302544,
  2634261050,
  2634212726,
  2634196026,
  2634169120,
  2633962327,
  2633920275,
  2633801034,
  2633749364,
  2633719679,
  2633681473,
  2633652044,
  2633615003,
  2633498466,
  2633005901,
  2632885545,
  2632848923,
  2632831558,
  2632792982,
  2632772322,
  2632747826,
  2632750257,
  2632493755,
  2632229417,
  2632213487,
  2632171674,
  2632133288,
  2632124316,
  2631455792,
  2631430549,
  2631398293,
  2631371166,
  2631360345,
  2631331029,
  2631265353,
  2631215638,
  2631110544,
  2631075758,
  2631057572,
  2630869500,
  2630867199,
  2630845627,
  2630803871,
  2630744574,
  2630706563,
  2630703055,
  2630690036,
  2630558376,
  2630530753,
  2630525643,
  2630503496]]
