[[2645755502,
  2645722744,
  2643387049,
  2641160820,
  2641143502,
  2640614963,
  2639988221,
  2639947835,
  2637666546,
  2637629040,
  2637608116,
  2637577441,
  2637544880,
  2637293637,
  2637262687,
  2637226858,
  2637188880,
  2637186561],
 [2645767962,
  2645770606,
  2645507915,
  2645483488,
  2645347154,
  2645370604,
  2644940220,
  2644877003,
  2644692793,
  2644585479,
  2644590899,
  2644568267,
  2644307125,
  2644281310,
  2644143923,
  2643726882,
  2643713465,
  2643087899],
 [2645624728,
  2644785958,
  2643645844,
  2642379369,
  2642372082,
  2642091272,
  2642037169,
  2642006501,
  2641437628,
  2640806332,
  2640766226,
  2639698695,
  2639692315,
  2638315832,
  2625358264,
  2624314306,
  2623661242,
  2622914775],
 [2645565100,
  2644877965,
  2644734177,
  2644627058,
  2644472099,
  2644035496,
  2643485390,
  2643458915,
  2643421573,
  2643125374,
  2643105732,
  2643071646,
  2642277390,
  2642292492,
  2642269602,
  2642112486,
  2642031630,
  2641986571],
 [2644874700,
  2644855978,
  2642086919,
  2642001259,
  2641904924,
  2641725650,
  2641682029,
  2641575551,
  2641076790,
  2640090968,
  2640020381,
  2639788595,
  2639733186,
  2639161087,
  2639134655,
  2639096548,
  2639079282,
  2638937561]]
